8
14
20
26
32
38
44
50
56
62
68
74
80
86
92
98
104
110
116
122
128
134
140
146
152
158
164
170
176
182
188
194
200
206
212
218
224
230
236
242
248
254
260
266
272
278
284
290
296
302
308
314
320
326
332
338
344
350
356
362
368
374
380
386
392
398
404
410
416
422
428
434
440
446
452
458
464
470
476
482
488
494
500
506
512
518
524
530
536
542
548
554
560
566
572
578
584
590
596
602
608
614
620
626
632
638
644
650
656
662
668
674
680
686
692
698
704
710
716
722
728
734
740
746
752
758
764
770
776
782
788
794
800
806
812
818
824
830
836
842
848
854
860
866
872
878
884
890
896
902
908
914
920
926
932
938
944
950
956
962
968
974
980
986
992
998
1004
1010
1016
1022
1028
1034
1040
1046
1052
1058
1064
1070
1076
1082
1088
1094
1100
1106
1112
1118
1124
1130
1136
1142
1148
1154
1160
1166
1172
1178
1184
1190
1196
1202
1208
1214
1220
1226
1232
1238
1244
1250
1256
1262
1268
1274
1280
1286
1292
1298
1304
1310
1316
1322
1328
1334
1340
1346
1352
1358
1364
1370
1376
1382
1388
1394
1400
1406
1412
1418
1424
1430
1436
1442
1448
1454
1460
1466
1472
1478
1484
1490
1496
1502
1508
1514
1520
1526
1532
1538
1544
1550
1556
1562
1568
1574
1580
1586
1592
1598
1604
1610
1616
1622
1628
1634
1640
1646
1652
1658
1664
1670
1676
1682
1688
1694
1700
1706
1712
1718
1724
1730
1736
1742
1748
1754
1760
1766
1772
1778
1784
1790
1796
1802
1808
1814
1820
1826
1832
1838
1844
1850
1856
1862
1868
1874
1880
1886
1892
1898
1904
1910
1916
1922
1928
1934
1940
1946
1952
1958
1964
1970
1976
1982
1988
1994
2000
2006
2012
2018
2024
2030
2036
2042
2048
2054
2060
2066
2072
2078
2084
2090
2096
2102
2108
2114
2120
2126
2132
2138
2144
2150
2156
2162
2168
2174
2180
2186
2192
2198
2204
2210
2216
2222
2228
2234
2240
2246
2252
2258
2264
2270
2276
2282
2288
2294
2300
2306
2312
2318
2324
2330
2336
2342
2348
2354
2360
2366
2372
2378
2384
2390
2396
2402
2408
2414
2420
2426
2432
2438
2444
2450
2456
2462
2468
2474
2480
2486
2492
2498
2504
2510
2516
2522
2528
2534
2540
2546
2552
2558
2564
2570
2576
2582
2588
2594
2600
2606
2612
2618
2624
2630
2636
2642
2648
2654
2660
2666
2672
2678
2684
2690
2696
2702
2708
2714
2720
2726
2732
2738
2744
2750
2756
2762
2768
2774
2780
2786
2792
2798
2804
2810
2816
2822
2828
2834
2840
2846
2852
2858
2864
2870
2876
2882
2888
2894
2900
2906
2912
2918
2924
2930
2936
2942
2948
2954
2960
2966
2972
2978
2984
2990
2996
3002
